3268 3164 0
3207 3435 0
3208 3436 0
3020 9739 0
3019 9740 0
3018 9739 0
3019 9738 0
3039 9738 0
3037 9739 0
3037 9735 0
3035 9734 0
3037 9733 0
3039 9733 0
3040 9732 0
3042 9734 0
3042 9739 0
3035 9742 0
3039 9741 0
3043 9742 0
3044 9737 0
3045 9740 0
3045 9744 0
3048 9743 0
3048 9747 0
3049 9740 0
3047 9737 0
3046 9735 0
2606 3152 0
2884 9797 0
2543 10143 0
2545 10145 0
2545 10141 0
2329 3686 0
2327 3686 0
2327 3687 0
2327 3688 0
2327 3689 0
2327 3691 0
2327 3693 0
2328 3693 0
2329 3693 0
2330 3693 0
2331 3693 0
2332 3693 0
2332 3692 0
2332 3691 0
2331 3692 0
2330 3692 0
2332 3687 0
2332 3686 0
2637 4917 0
3080 3510 0
2816 3438 0
3297 4363 0
3297 4360 0
3297 4357 0
2816 3438 0
2816 3439 0
2930 9647 0
